              precision    recall  f1-score   support

       00000     0.7750    0.7381    0.7561        42
       00001     0.8538    0.6577    0.7430       444
       00002     0.6622    0.7667    0.7106       450
       00003     0.8034    0.6667    0.7287       282
       00004     0.7332    0.7980    0.7642       396
       00005     0.7500    0.7742    0.7619       372
       00006     0.9873    0.9286    0.9571        84
       00007     0.7003    0.8681    0.7752       288
       00008     0.8113    0.7624    0.7861       282
       00009     0.8911    0.9184    0.9045       294
       00010     0.9160    0.9229    0.9195       402
       00011     0.9035    0.8864    0.8948       264
       00012     0.9929    0.9976    0.9952       420
       00013     0.9816    0.9884    0.9850       432
       00014     1.0000    1.0000    1.0000       156
       00015     0.9841    0.9841    0.9841       126
       00016     0.9750    0.9286    0.9512        84
       00017     0.9823    1.0000    0.9911       222
       00018     0.8159    0.9417    0.8743       240
       00019     0.9722    0.8333    0.8974        42
       00020     0.7654    0.8611    0.8105        72
       00021     0.8983    0.8030    0.8480        66
       00022     0.8471    0.9231    0.8834        78
       00023     0.8738    0.8824    0.8780       102
       00024     0.8000    0.8148    0.8073        54
       00025     0.8703    0.8500    0.8600       300
       00026     0.9000    0.9000    0.9000       120
       00027     0.9091    0.8333    0.8696        48
       00028     0.9500    0.7037    0.8085       108
       00029     0.9583    0.8519    0.9020        54
       00030     0.8913    0.9111    0.9011        90
       00031     0.9032    0.8974    0.9003       156
       00032     0.9796    1.0000    0.9897        48
       00033     0.8864    0.8478    0.8667       138
       00034     0.8923    0.6905    0.7785        84
       00035     0.8902    0.9792    0.9325       240
       00036     0.9315    0.8718    0.9007        78
       00037     0.9211    0.8333    0.8750        42
       00038     0.9243    0.9734    0.9482       414
       00039     0.9574    0.7500    0.8411        60
       00040     0.9836    0.8333    0.9023        72
       00041     0.8913    0.8542    0.8723        48
       00042     0.9737    0.7708    0.8605        48

    accuracy                         0.8646      7842
   macro avg     0.8904    0.8604    0.8725      7842
weighted avg     0.8692    0.8646    0.8642      7842
